PDE 1999 11 26 13 21 15.60 -16.4200  168.2100  33.0 6.4 7.3 VANUATU ISLANDS  
event name:     112699G
time shift:      0.0000
half duration:  35.0000
latitude:      -16.0800
longitude:     168.3100
depth:          15.0000
Mrr:       1.310000e+27
Mtt:       1.200000e+26
Mpp:      -1.420000e+27
Mrt:       4.600000e+26
Mrp:       8.200000e+26
Mtp:      -2.000000e+26
