 PDEW2016 10 30  6 40 18.70  42.8600   13.1000   8.0 0.0 6.6 CENTRAL ITALY                           
event name:     201610300640A  
time shift:      5.3500
half duration:   4.8000
latitude:       42.7500
longitude:      13.1600
depth:          12.0000
Mrr:      -9.510000e+25
Mtt:       1.870000e+25
Mpp:       7.640000e+25
Mrt:       3.340000e+24
Mrp:      -2.770000e+25
Mtp:      -2.880000e+25
