 PDEW2017  7 20 22 31 11.20  36.9200   27.4100   7.0 0.0 6.6 DODECANESE ISLANDS, GREE
event name:     201707202231A
time shift:      5.1600
half duration:   5.1000
latitude:       36.7900
longitude:      27.5600
depth:          12.0000
Mrr:      -1.060000e+26
Mtt:       1.130000e+26
Mpp:      -7.910000e+24
Mrt:      -3.850000e+25
Mrp:      -7.640000e+24
Mtp:      -5.870000e+24
