 PDE 2011  3 11  5 46 23.00  38.3215  142.3693  24.4 8.8 8.8 P
event name:      174715B_172
time shift:       133.4000
half duration:     12.6000
latitude:          40.8935
longitude:        142.1006
depth:          50.2800
Mrr:         7.179000e+26
Mtt:        -1.651000e+26
Mpp:        -5.528000e+26
Mrt:         1.165000e+27
Mrp:         9.751000e+26
Mtp:        -3.821000e+26
