 PDEW2020  1 30  1 28  5.20  35.1600   27.8900  10.0 0.0 5.5 DODECANESE ISLANDS, GREE                
event name:     202001300128A  
time shift:      2.1700
half duration:   1.4000
latitude:       35.0900
longitude:      27.7200
depth:          12.0000
Mrr:      -2.260000e+24
Mtt:       9.950000e+23
Mpp:       1.260000e+24
Mrt:      -3.190000e+22
Mrp:      -6.350000e+23
Mtp:       1.570000e+24
