 PDEW2020  1 28 15 38 34.40  35.2200   27.8900  10.0 0.0 5.5 DODECANESE ISLANDS, GREE                
event name:     202001281538A  
time shift:      0.4200
half duration:   1.3000
latitude:       35.1100
longitude:      27.8300
depth:          12.0000
Mrr:      -1.700000e+24
Mtt:       7.490000e+23
Mpp:       9.550000e+23
Mrt:      -2.050000e+22
Mrp:      -9.590001e+23
Mtp:       1.120000e+24
