PDE 1997  5 10  7 57 29.70  33.8300   59.8100  10.0 6.4 7.3 IRAN
event name:     051097C
time shift:      0.0000
half duration:   0.0000
latitude:       33.5800
longitude:      60.0200
depth:          15.0000
Mrr:       3.300000e+25
Mtt:      -5.270000e+26
Mpp:       4.940000e+26
Mrt:       4.600000e+25
Mrp:      -8.000000e+25
Mtp:       5.200000e+26
