PDE 2006  9 22  2 32 25.60 -26.8700  -63.1500 598.3 6.1 6.0 SANTIAGO DEL ESTERO PROV
event name:     220232A
time shift:      0
half duration:   0
latitude:      -26.8500
longitude:     -63.0500
depth:         602.3700
Mrr:      -7.900000e+24
Mtt:      -4.270000e+23
Mpp:       8.330001e+24
Mrt:      -4.450000e+24
Mrp:       5.450000e+24
Mtp:      -1.430000e+24
