PDE 2003  9  6 15 46 59.90 -57.4200  -25.6400  33.0 5.6 5.3 SOUTH SANDWICH ISLANDS R
event name:     090603D
time shift:      0
half duration:   0
latitude:      -57.5600
longitude:     -25.5100
depth:          44.0000
Mrr:       3.480000e+24
Mtt:      -2.690000e+23
Mpp:      -3.210000e+24
Mrt:       8.130000e+21
Mrp:       1.800000e+24
Mtp:       1.290000e+24
