PDE 2000 12 18  1 19 21.60 -21.1800 -179.1200 628.2 6.4 0.0 FIJI ISLANDS REGION
event name:     121800A
time shift:      0
half duration:   0
latitude:      -21.1100
longitude:    -178.9800
depth:         655.7000
Mrr:      -2.501000e+25
Mtt:      -5.150000e+24
Mpp:       3.015000e+25
Mrt:      -5.235000e+25
Mrp:      -4.540000e+25
Mtp:       1.502000e+25
