PDE 2000 12 18  1 19 21.60 -21.1800 -179.1200 628.2 6.4 0.0 SICHUAN, CHINA
event name:     121800A
time shift:     0
half duration:  0
latitude:       31.4400
longitude:     104.1000
depth:          55.7700
Mrr:       5.690000e+27
Mtt:       1.040000e+26
Mpp:      -5.790001e+27
Mrt:      -1.990000e+27
Mrp:       5.610000e+27
Mtp:      -3.480000e+27
