 PDEW2015  4 16 18  7 43.00  35.1500   26.8300  20.0 0.0 6.0 CRETE, GREECE                           
event name:     201504161807A  
time shift:      5.0000
half duration:   3.1000
latitude:       35.0300
longitude:      26.8500
depth:          24.0000
Mrr:       5.480000e+24
Mtt:      -1.230000e+25
Mpp:       6.850000e+24
Mrt:      -3.620000e+24
Mrp:       1.800000e+25
Mtp:      -3.050000e+24
