DMC  1994  6  9  0 33 45.40  53.0000  -90.0000 150.0 7.8 7.8 NORTHERN BOLIVIA [WKAA]	07  06     0
event name:    M060994A
time shift:      0.0000
half duration:   0.0000
latitude:      -13.8200
longitude:     -67.2500
depth:         647.1000
Mrr:      -0.759000E+28
Mtt:       0.775000E+28
Mpp:      -0.160000E+27
Mrt:      -0.250300E+29
Mrp:       0.420000E+27
Mtp:      -0.248000E+28                                                         
