 PDEW2020  1 30 11 21 36.80  35.1900   27.7800  10.0 0.0 5.7 DODECANESE ISLANDS, GREE                
event name:     202001301121A  
time shift:      1.2900
half duration:   1.9000
latitude:       35.1500
longitude:      27.6900
depth:          13.7400
Mrr:      -4.200000e+24
Mtt:       4.780000e+23
Mpp:       3.720000e+24
Mrt:       3.050000e+24
Mrp:      -6.930000e+23
Mtp:       2.950000e+24
