 PDEW2020  1 29 13 36 59.50  35.1700   27.8900  10.0 0.0 4.8 DODECANESE ISLANDS, GREE                
event name:     202001291336A  
time shift:      0.9100
half duration:   0.8000
latitude:       34.9600
longitude:      27.5600
depth:          18.0100
Mrr:      -4.230000e+23
Mtt:       1.470000e+23
Mpp:       2.760000e+23
Mrt:      -1.550000e+23
Mrp:       4.490000e+22
Mtp:       3.130000e+23
