PDE 2000  1 14 23 37 10.80  25.3900  101.4000  33.0 5.4 5.9 YUNNAN PROVINCE, CHINA
event name:     011400F
time shift:      0.0000
half duration:   0.0000
latitude:       25.3900
longitude:     101.4000
depth:           33.000
Mrr:      -0.600000e+24
Mtt:      -6.290000e+24
Mpp:       6.890000e+24
Mrt:      -1.850000e+24
Mrp:       0.120000e+24
Mtp:      -4.730000e+24
