PDEW 2008  1  6  5 14 23.70  37.2200   22.6900  75.0 6.1 6.2 TEST 
event name:     test_1
time shift:      0.000
half duration:   3.0000
latitude:       60.0
longitude:    -150.0
depth:          92.3900
Mrr:       7.740000e+24
Mtt:      -1.830000e+25
Mpp:       1.060000e+25
Mrt:       1.290000e+25
Mrp:      -8.450000e+24
Mtp:      -4.430000e+24
