 PDE 1999 11 26 13 21 15.60 -16.4200  168.2100  33.0 6.4 7.3 VANUATU ISLANDS
event name:     112699G
time shift:     29.7000
half duration:  11.2000
latitude:      -16.0800
longitude:     168.3100
depth:          15.0000
Mrr:       1.306000e+27
Mtt:       1.190000e+26
Mpp:      -1.425000e+27
Mrt:       4.590000e+26
Mrp:       8.250000e+26
Mtp:      -1.990000e+26
